world: da31fe41-50ba-480a-ad42-39fcbe0639ec
world-name: world
x: 31940.661152536595
y: 58.0
z: 15196.213136293289
yaw: 1.2952147722244263
pitch: 12.175259590148926
name: BobKolDun2007
lastowner: 933b2a8b-cf26-3901-bd3c-a1bdbe5e4466
