world: fb63c9c8-260d-496e-9705-a801e27f4716
world-name: world
x: -20461.695
y: 65.0
z: 8570.511
yaw: 91.85980224609375
pitch: 12.01385498046875
name: derevnya
lastowner: 00000000-0000-0000-0009-01f6dbb2d63f
