world: 95a6fd4c-997e-405c-9687-f38a1ea913e1
world-name: world
x: -882.4544675729251
y: 65.0
z: 956.2744738668015
yaw: 30.23870849609375
pitch: 29.978607177734375
name: derevo
lastowner: 933b2a8b-cf26-3901-bd3c-a1bdbe5e4466
