world: 55fed443-db4a-4206-801f-ca43853c78da
world-name: world
x: -721.5661231584063
y: 64.0
z: 66.30459414061828
yaw: 112.71403503417969
pitch: 5.883594512939453
name: dom
lastowner: 933b2a8b-cf26-3901-bd3c-a1bdbe5e4466
