world: fb63c9c8-260d-496e-9705-a801e27f4716
world-name: world
x: 270.39944605663754
y: 83.0
z: -265.6622341342329
yaw: 52.752685546875
pitch: 26.290634155273438
name: farm
lastowner: 670d843e-aeac-3ffd-9c4d-81b13056211e
