world: 6f2ba09c-8837-489a-811a-523885a23cff
world-name: world_nether
x: -314.8029633626051
y: 60.0
z: -631.9280292594384
yaw: 115.0850830078125
pitch: 16.922719955444336
name: fortress
lastowner: 445db61d-98ba-3308-9f08-27605ccfd757
