world: 83bf331b-ccfa-4692-acd4-7f87e20295a3
world-name: world_nether
x: -128.6931848858302
y: 54.0
z: 300.5991824543811
yaw: -85.3780517578125
pitch: 31.03129005432129
name: girl
lastowner: 933b2a8b-cf26-3901-bd3c-a1bdbe5e4466
