world: da31fe41-50ba-480a-ad42-39fcbe0639ec
world-name: world
x: 31896.16384407938
y: 68.0
z: 15220.284339104572
yaw: 172.78277587890625
pitch: 7.349588871002197
name: kamil
lastowner: 445db61d-98ba-3308-9f08-27605ccfd757
