world: 55fed443-db4a-4206-801f-ca43853c78da
world-name: world
x: -1214.3017989783507
y: 64.0
z: 604.5499716483774
yaw: -2.639331340789795
pitch: 3.229969024658203
name: kracota
lastowner: 933b2a8b-cf26-3901-bd3c-a1bdbe5e4466
