world: 002cec39-9abd-456d-8e6d-5079a9606a1c
world-name: world_nether
x: -719.0401101938177
y: 73.0
z: 13.300000011920929
yaw: 18.545562744140625
pitch: 18.065391540527344
name: krepost
lastowner: 445db61d-98ba-3308-9f08-27605ccfd757
