world: da31fe41-50ba-480a-ad42-39fcbe0639ec
world-name: world
x: 1930.7527738534145
y: 66.0
z: -385.4252450536275
yaw: 24.364978790283203
pitch: 3.8519287109375
name: mangrove
lastowner: 445db61d-98ba-3308-9f08-27605ccfd757
