world: 55fed443-db4a-4206-801f-ca43853c78da
world-name: world
x: -2261.3396378048383
y: 64.63824312802782
z: -363.048940518193
yaw: -104.339111328125
pitch: 6.710612773895264
name: nuretdin
lastowner: 445db61d-98ba-3308-9f08-27605ccfd757
