world: e9a0204e-4590-475d-9a7c-bdcb852c7d31
world-name: world
x: 33.30000001192093
y: 70.0
z: -45.40376303364656
yaw: -87.83158111572266
pitch: 24.45001792907715
name: nychka
lastowner: 445db61d-98ba-3308-9f08-27605ccfd757
