world: da31fe41-50ba-480a-ad42-39fcbe0639ec
world-name: world
x: 2270.3839401079854
y: 66.0
z: 283.23218285927953
yaw: -116.01483154296875
pitch: 30.2996768951416
name: portal
lastowner: 445db61d-98ba-3308-9f08-27605ccfd757
