world: fb63c9c8-260d-496e-9705-a801e27f4716
world-name: world
x: -21330.464212080078
y: 64.0
z: 9152.31370516779
yaw: -164.62423706054688
pitch: 12.253252029418945
name: pvp
lastowner: 670d843e-aeac-3ffd-9c4d-81b13056211e
