world: da31fe41-50ba-480a-ad42-39fcbe0639ec
world-name: world
x: 30764.26187912638
y: 104.0
z: 14260.362967723951
yaw: -40.0869140625
pitch: 27.578948974609375
name: sakura
lastowner: 933b2a8b-cf26-3901-bd3c-a1bdbe5e4466
